game.Players.LocalPlayer.Character.HumanoidRootPart.CFrame = CFrame.new(-1043.60193, 19.3957233, 409.521484, 0.16472733, -5.29571587e-08, 0.986339152, 3.19927089e-08, 1, 4.83475553e-08, -0.986339152, 2.35914985e-08, 0.16472733)
wait (1)
game.Players.LocalPlayer.Character.HumanoidRootPart.CFrame = CFrame.new(-738.033813, 19.3938313, 244.547852, 0.986620009, 7.63987344e-08, -0.163036749, -6.77558205e-08, 1, 5.85726063e-08, 0.163036749, -4.67422154e-08, 0.986620009)
wait(1)
game.Players.LocalPlayer.Character.HumanoidRootPart.CFrame = CFrame.new(-441.087585, 19.3180828, 403.787903, -0.970401525, -1.83756246e-08, -0.241497189, 8.35998204e-09, 1, -1.09683114e-07, 0.241497189, -1.08455573e-07, -0.970401525)
wait(1)
game.Players.LocalPlayer.Character.HumanoidRootPart.CFrame = CFrame.new(-139.620392, 19.3838215, 245.285507, 0.999547541, 5.27756416e-09, 0.0300778337, -3.23504934e-09, 1, -6.79563144e-08, -0.0300778337, 6.78282603e-08, 0.999547541)
wait(1)
game.Players.LocalPlayer.Character.HumanoidRootPart.CFrame = CFrame.new()
